18337.069878672723
18337.069878672723
17943.270015379105
17746.370083732294
17628.230124744212
17549.470152085487
17493.213028757822
17451.02018626208
17418.20353098761
17391.950206768037
17370.470214224744
17352.570220438673
17337.42407185046
17324.441658774846
17155.670288791862
17155.670288791862
17155.670288791865
17155.670288791865
17155.670288791862
17155.670288791865
17155.670288791865
17155.670288791865
17155.670288791862
17155.670288791865
17155.670288791865
17155.670288791865
17155.67028879187
17155.670288791862
17155.670288791865
17155.670288791865
17155.670288791865
17155.67028879187
17155.67028879187
17155.670288791862
17155.670288791865
17155.670288791862
17155.670288791862
17155.670288791862
17155.670288791865
17155.670288791862
17155.670288791865
17155.670288791865
17155.670288791862
17155.670288791865
17155.670288791865
17155.670288791865
17155.670288791862
17155.670288791862
17155.670288791865
17155.670288791862
17155.670288791865
17155.670288791865
17155.670288791862
17155.670288791865
17155.670288791865
17155.670288791865
